Number of particles = 266
A = 1 Angstrom (basic length-scale)
H0(1,1) = 179.608000 A
H0(1,2) = 0 A
H0(1,3) = 0 A
H0(2,1) = 0 A
H0(2,2) = 211.674000 A
H0(2,3) = 0 A
H0(3,1) = 0 A
H0(3,2) = 0 A
H0(3,3) = 203.867000 A
.NO_VELOCITY.
entry_count = 7
auxiliary[0] = index
auxiliary[1] = leader
auxiliary[2] = size
auxiliary[3] = radius
4.008
Ga
0.26576200	0.20263000	0.00188144	0	0	1	0.0000e+00	
0.04169692	0.36167033	0.00373218	1	1	6	8.4575e-01	
0.24743233	0.05881990	0.03246130	2	5	3	6.4062e-01	
0.26563300	0.11089830	0.00578530	3	6	2	8.8087e+00	
0.15607800	0.27929450	0.03884615	4	7	2	1.9395e+00	
0.24709867	0.30836467	0.02226470	5	8	3	5.8940e-01	
0.27907000	0.18007150	0.05592240	6	13	2	1.9137e+00	
0.26457050	0.39584500	0.04312950	7	15	2	1.5128e+00	
0.26910600	0.46948367	0.05276670	8	17	3	4.8049e-01	
0.24412450	0.27265100	0.07742735	9	20	2	6.8850e+00	
0.43678143	0.24842429	0.08151336	10	22	7	9.8743e-01	
0.25132600	0.48211600	0.11123910	11	30	3	9.5704e-01	
0.23852783	0.03885328	0.14986183	12	32	6	9.5377e-01	
0.24228200	0.17283567	0.14394333	13	34	3	8.5116e-01	
0.23788300	0.28402500	0.16731300	14	42	1	0.0000e+00	
0.26640950	0.38889950	0.19914600	15	43	2	1.7106e+00	
0.22464113	0.13445488	0.22291813	16	45	8	1.2796e+00	
0.23516275	0.40957550	0.23148225	17	53	4	6.1142e-01	
0.25301633	0.06848703	0.24945933	18	57	3	5.3763e-01	
0.24977025	0.27034650	0.28006425	19	60	4	5.6195e-01	
0.26945900	0.02522550	0.28120700	20	61	1	0.0000e+00	
0.24697900	0.11179000	0.29111300	21	62	1	0.0000e+00	
0.24638400	0.38727500	0.30449600	22	66	1	0.0000e+00	
0.24547900	0.43615200	0.33238700	23	67	1	0.0000e+00	
0.23478500	0.34600033	0.33898567	24	68	3	5.3471e-01	
0.26496767	0.19960667	0.36817067	25	71	3	5.8905e-01	
0.24560000	0.25746700	0.36205000	26	74	1	0.0000e+00	
0.26068733	0.05942957	0.38883600	27	75	3	5.4613e-01	
0.24796300	0.35069500	0.40160350	28	78	2	1.9334e+00	
0.23994450	0.43976550	0.39655400	29	80	2	2.0926e+00	
0.25407000	0.21740500	0.43181900	30	82	1	0.0000e+00	
0.21843300	0.41146300	0.42873100	31	83	1	0.0000e+00	
0.25609100	0.47743900	0.44400500	32	84	1	0.0000e+00	
0.24351050	0.09962260	0.46256300	33	85	4	6.3970e-01	
0.25669600	0.26565950	0.47074000	34	89	2	1.7939e+00	
0.24171150	0.34026200	0.47565100	35	91	2	1.9118e+00	
0.40434375	0.44852150	0.46900700	36	93	4	5.2045e-01	
0.23842400	0.03732800	0.49068467	37	97	3	5.2776e-01	
0.22353400	0.17448900	0.49765600	38	100	1	0.0000e+00	
0.27299800	0.46961150	0.48882950	39	101	2	1.7647e+00	
0.26628900	0.25668000	0.52126800	40	103	2	6.7505e+00	
0.26286700	0.02077980	0.53310440	41	104	5	7.3908e-01	
0.26528600	0.13773350	0.52074050	42	108	2	1.8546e+00	
0.16793586	0.23755671	0.54079029	43	110	7	1.0494e+00	
0.25503650	0.35291450	0.55379650	44	119	2	1.5729e+00	
0.43877500	0.39024443	0.59513200	45	121	7	9.6334e-01	
0.25638200	0.11595433	0.59660733	46	123	3	5.2363e-01	
0.26516783	0.02103465	0.67026067	47	131	6	9.8019e-01	
0.27276600	0.49398950	0.65055300	48	133	2	1.8686e+00	
0.25426967	0.29417567	0.69671233	49	139	3	5.0024e-01	
0.25577333	0.39952300	0.69931800	50	142	3	5.4342e-01	
0.14974375	0.14615575	0.73147175	51	145	4	5.6864e-01	
0.22555775	0.05212095	0.75870925	52	149	4	6.5229e-01	
0.24131233	0.22147767	0.75311867	53	150	3	5.1582e-01	
0.23151150	0.13582800	0.76658550	54	156	2	1.9207e+00	
0.23430850	0.32572800	0.77381400	55	158	2	7.1757e+00	
0.23849600	0.03683210	0.79432167	56	160	3	5.7341e-01	
0.24042100	0.09724500	0.82959500	57	163	1	0.0000e+00	
0.25113100	0.19297250	0.83446050	58	164	2	6.7784e+00	
0.28900300	0.27123200	0.84860400	59	166	1	0.0000e+00	
0.12528500	0.30086175	0.84030300	60	167	4	5.0703e-01	
0.25113950	0.42900750	0.87983500	61	171	2	1.8861e+00	
0.25241450	0.17459650	0.91932800	62	173	2	2.0328e+00	
0.24284650	0.23383800	0.90896600	63	175	2	1.7860e+00	
0.24334200	0.30595300	0.91272000	64	177	1	0.0000e+00	
0.44778180	0.11119500	0.94018840	65	178	5	7.1068e-01	
0.02051697	0.11429800	0.97894900	66	183	4	5.8363e-01	
0.23007233	0.68228633	0.01069618	67	190	3	5.4752e-01	
0.24245267	0.83026033	0.05049597	68	193	3	6.2448e-01	
0.25700800	0.54162400	0.08878400	69	196	1	0.0000e+00	
0.24760800	0.59705850	0.08924290	70	197	2	1.9083e+00	
0.28970000	0.64023900	0.08585395	71	199	2	6.5206e+00	
0.24801767	0.89559067	0.08646400	72	201	3	5.9558e-01	
0.27045567	0.55155600	0.14624933	73	204	3	5.4091e-01	
0.24392200	0.66545450	0.15896800	74	207	2	1.6685e+00	
0.25074600	0.98189300	0.14861400	75	209	1	0.0000e+00	
0.23875100	0.72920300	0.19176500	76	210	1	0.0000e+00	
0.24541150	0.78630850	0.19927750	77	211	2	7.3492e+00	
0.24090500	0.63097800	0.20971300	78	212	1	0.0000e+00	
0.25113600	0.96280400	0.22084650	79	214	2	2.0650e+00	
0.28080700	0.54632800	0.22964100	80	216	1	0.0000e+00	
0.24777900	0.91519150	0.22899050	81	217	2	1.8642e+00	
0.20622250	0.57515750	0.24176450	82	219	2	1.6167e+00	
0.22836850	0.60382800	0.27452000	83	221	2	1.8955e+00	
0.35158167	0.59310067	0.26828067	84	222	3	5.2786e-01	
0.23725700	0.68592100	0.26712600	85	225	1	0.0000e+00	
0.25475450	0.80307150	0.28292200	86	227	2	1.6042e+00	
0.24483100	0.69737100	0.32846200	87	229	1	0.0000e+00	
0.27743680	0.81607000	0.34061880	88	230	5	7.8565e-01	
0.25824250	0.70326350	0.41955100	89	235	4	6.3671e-01	
0.25047550	0.59234550	0.44430525	90	238	4	4.0234e-01	
0.25074150	0.76161350	0.48529350	91	243	2	1.5646e+00	
0.25738900	0.86810950	0.49615450	92	245	4	6.0871e-01	
0.24359600	0.95219900	0.48257400	93	248	1	0.0000e+00	
0.25454650	0.60458550	0.50586300	94	249	2	9.8092e+00	
0.09925764	0.85524500	0.52956420	95	252	5	7.1177e-01	
0.26763600	0.70727500	0.54234850	96	257	2	2.0067e+00	
0.27522300	0.67911900	0.59068300	97	259	1	0.0000e+00	
0.27763400	0.89654800	0.58106500	98	260	2	1.5609e+00	
0.27794000	0.83078700	0.59828450	99	262	2	1.9389e+00	
0.27051250	0.71550400	0.62973100	100	264	2	7.4251e+00	
0.28114950	0.95066150	0.61998050	101	265	2	1.8496e+00	
0.28155450	0.53994150	0.63982450	102	267	2	1.8614e+00	
0.26818000	0.60224400	0.63840700	103	269	1	0.0000e+00	
0.45751825	0.86629475	0.63976300	104	271	4	5.6055e-01	
0.28697500	0.85446700	0.66892750	105	275	2	7.3456e+00	
0.23695900	0.67618800	0.67054600	106	276	1	0.0000e+00	
0.03650904	0.95397743	0.70036371	107	278	7	9.8322e-01	
0.24827900	0.56663800	0.73832200	108	285	1	0.0000e+00	
0.25747700	0.63581050	0.72918600	109	286	2	1.5577e+00	
0.26772200	0.72603600	0.73275900	110	288	1	0.0000e+00	
0.25664300	0.98567700	0.73964300	111	289	1	0.0000e+00	
0.25395700	0.78121600	0.74158300	112	290	1	0.0000e+00	
0.25468833	0.55505300	0.80596233	113	291	3	5.3215e-01	
0.27056750	0.95684950	0.81578850	114	294	2	1.8624e+00	
0.25534100	0.68028700	0.84149800	115	296	1	0.0000e+00	
0.26139000	0.74076350	0.85123125	116	297	4	8.2156e-01	
0.25128250	0.83955600	0.85005200	117	300	2	2.1317e+00	
0.25500750	0.80223550	0.87560800	118	302	2	5.7287e+00	
0.25604667	0.57910867	0.88818333	119	303	3	5.6348e-01	
0.25834500	0.88479500	0.89921200	120	308	1	0.0000e+00	
0.24479000	0.95952600	0.90087100	121	309	1	0.0000e+00	
0.24504700	0.60467600	0.95030800	122	310	1	0.0000e+00	
0.26951100	0.71714950	0.94814850	123	311	2	7.3899e+00	
0.23147000	0.87415500	0.94883000	124	313	1	0.0000e+00	
0.25113867	0.51724900	0.98419900	125	314	3	5.0941e-01	
0.24867900	0.84278350	0.98042700	126	315	2	1.9853e+00	
0.23286450	0.57774450	0.99080800	127	319	2	1.7012e+00	
0.23984000	0.99502300	0.98951700	128	321	1	0.0000e+00	
0.74223350	0.00413671	0.00720539	129	322	4	6.4988e-01	
0.72100750	0.07198865	0.00350924	130	326	2	1.9360e+00	
0.73113600	0.28944600	0.01790410	131	327	1	0.0000e+00	
0.73026800	0.13019200	0.05147450	132	328	1	0.0000e+00	
0.74096000	0.35949000	0.05121060	133	329	1	0.0000e+00	
0.74295550	0.41329750	0.03881030	134	330	2	1.7509e+00	
0.75287500	0.34055900	0.10337100	135	332	1	0.0000e+00	
0.74599400	0.47996100	0.10949900	136	333	1	0.0000e+00	
0.75238300	0.20447400	0.12026050	137	334	2	1.7182e+00	
0.75366600	0.04812880	0.13877800	138	336	1	0.0000e+00	
0.88228633	0.25022600	0.14211000	139	337	3	5.1055e-01	
0.73387700	0.40790100	0.13555000	140	340	2	1.8612e+00	
0.75016050	0.28482400	0.14896750	141	342	2	1.5455e+00	
0.66282867	0.48940233	0.15938667	142	344	3	5.4989e-01	
0.51546000	0.08733898	0.17660200	143	347	8	1.0847e+00	
0.76848700	0.04937083	0.19390467	144	354	3	5.5968e-01	
0.76093050	0.12823100	0.19892900	145	358	2	1.7925e+00	
0.75067040	0.23240560	0.20282760	146	360	5	7.9297e-01	
0.75734060	0.46607980	0.19129940	147	363	5	7.8613e-01	
0.74336950	0.32743050	0.22334850	148	369	2	2.0007e+00	
0.69919900	0.36166100	0.21031900	149	370	1	0.0000e+00	
0.94145950	0.17730075	0.22900825	150	371	4	5.3535e-01	
0.73026340	0.42489840	0.24859700	151	377	5	1.0205e+00	
0.74707600	0.37437350	0.25130850	152	379	2	1.8928e+00	
0.75887150	0.11021750	0.27330950	153	383	2	1.9677e+00	
0.74946000	0.27647350	0.29198200	154	386	2	1.9311e+00	
0.74430950	0.18075575	0.34500200	155	388	4	5.6921e-01	
0.73837700	0.35425900	0.36933200	156	392	1	0.0000e+00	
0.75613233	0.11799567	0.38495533	157	393	3	5.8716e-01	
0.73381800	0.25094400	0.37081900	158	396	1	0.0000e+00	
0.75088900	0.49250000	0.38840000	159	397	1	0.0000e+00	
0.72887667	0.31329800	0.42643867	160	398	3	5.4779e-01	
0.75249800	0.18081900	0.43846050	161	399	2	2.0220e+00	
0.73963850	0.06942790	0.46449500	162	403	2	7.7099e+00	
0.74340050	0.02638800	0.47574100	163	404	2	1.7207e+00	
0.74024500	0.15076050	0.46920550	164	407	2	1.7823e+00	
0.74392875	0.35568225	0.47802675	165	409	4	8.3992e-01	
0.75765150	0.24088100	0.48933400	166	413	2	1.9603e+00	
0.73641100	0.44905700	0.50890600	167	415	1	0.0000e+00	
0.74373900	0.07447280	0.53128800	168	416	2	1.8467e+00	
0.74632600	0.11889600	0.53961500	169	418	1	0.0000e+00	
0.75799400	0.30358800	0.55819200	170	419	2	1.7320e+00	
0.70709700	0.03410630	0.57997600	171	421	1	0.0000e+00	
0.75374700	0.19378700	0.58993500	172	422	1	0.0000e+00	
0.84307720	0.22206060	0.58182420	173	423	5	7.6026e-01	
0.72592200	0.46719400	0.59962550	174	428	2	1.0233e+01	
0.74802033	0.23797367	0.62425400	175	429	3	6.4669e-01	
0.73078100	0.04332435	0.64600350	176	432	2	2.3169e+00	
0.74672150	0.18577000	0.67635500	177	434	2	1.0565e+01	
0.74562400	0.34536400	0.65301300	178	436	2	1.7214e+00	
0.73657400	0.49133533	0.67775833	179	438	3	4.7768e-01	
0.71232450	0.08207210	0.70611650	180	441	2	2.0922e+00	
0.75834200	0.27401100	0.69340900	181	443	1	0.0000e+00	
0.72955600	0.41174567	0.70312333	182	444	3	5.5663e-01	
0.74734833	0.25651700	0.74257600	183	448	3	6.1241e-01	
0.74780667	0.32884733	0.72829000	184	449	3	5.2392e-01	
0.74045500	0.48705500	0.77527900	185	454	2	1.7329e+00	
0.73734750	0.37217550	0.78073750	186	456	2	1.6789e+00	
0.73317550	0.17836700	0.81952800	187	458	2	2.2001e+00	
0.72939700	0.28222100	0.82347000	188	460	1	0.0000e+00	
0.71997700	0.01457830	0.85025500	189	461	1	0.0000e+00	
0.74824800	0.12731000	0.85918950	190	462	2	1.8250e+00	
0.73139400	0.18542400	0.88843800	191	464	3	6.8496e-01	
0.97786875	0.36428525	0.89024375	192	466	4	5.5577e-01	
0.71373100	0.40495700	0.87803100	193	467	3	4.9108e-01	
0.52769820	0.49946820	0.88014720	194	470	5	7.4532e-01	
0.71942600	0.01189125	0.91812950	195	476	2	2.4358e+00	
0.94082667	0.12656033	0.92067467	196	478	3	5.3051e-01	
0.72781500	0.34294100	0.93865800	197	481	1	0.0000e+00	
0.72911000	0.41558250	0.95117450	198	482	2	9.5580e+00	
0.71669100	0.10337800	0.94954300	199	483	1	0.0000e+00	
0.72821767	0.04703743	0.97276133	200	485	3	5.8119e-01	
0.74121150	0.45225300	0.98990450	201	489	2	2.1322e+00	
0.74247367	0.49852000	0.99559400	202	491	3	5.8636e-01	
0.69843600	0.56338350	0.03044165	203	493	2	1.5662e+00	
0.75392700	0.67325700	0.02969865	204	495	2	2.0241e+00	
0.73230100	0.88761000	0.02235010	205	497	1	0.0000e+00	
0.76233500	0.82895150	0.05891385	206	498	2	1.8729e+00	
0.75677750	0.62880800	0.07950080	207	500	2	1.9782e+00	
0.75058733	0.97476533	0.08496637	208	502	3	5.2902e-01	
0.76060000	0.77573933	0.13388300	209	505	3	5.8816e-01	
0.76713229	0.65643786	0.14881957	210	506	7	1.1003e+00	
0.76008400	0.91099650	0.14978850	211	511	2	1.7856e+00	
0.52859680	0.74883340	0.16991660	212	516	5	7.4580e-01	
0.77010000	0.98088150	0.19863800	213	522	2	1.9842e+00	
0.76045100	0.56630200	0.23910600	214	524	1	0.0000e+00	
0.71878700	0.79124400	0.23782400	215	525	1	0.0000e+00	
0.75010375	0.60417350	0.27265325	216	526	4	5.6370e-01	
0.74255750	0.76891350	0.28011300	217	529	4	5.7579e-01	
0.74821133	0.54907433	0.32560200	218	534	3	2.2361e-01	
0.73590800	0.63625700	0.29843400	219	535	1	0.0000e+00	
0.75271950	0.93811100	0.29913350	220	536	2	1.9118e+00	
0.74546300	0.82034700	0.31955100	221	539	1	0.0000e+00	
0.74964600	0.88009100	0.32855700	222	540	1	0.0000e+00	
0.75624533	0.95323933	0.34725500	223	542	3	6.0344e-01	
0.74724050	0.98720700	0.35630850	224	545	2	2.0978e+00	
0.74237200	0.61668900	0.35948500	225	546	1	0.0000e+00	
0.73529100	0.70915100	0.36920850	226	547	2	1.9644e+00	
0.74629400	0.83444400	0.39021600	227	550	2	1.5985e+00	
0.71156700	0.52809300	0.40935500	228	552	1	0.0000e+00	
0.56380960	0.52223260	0.43967180	229	553	5	6.6564e-01	
0.76144650	0.62764150	0.45472650	230	558	2	1.6525e+00	
0.73590200	0.92998350	0.45337500	231	560	2	1.0900e+01	
0.72973700	0.80149050	0.47055400	232	562	2	2.0623e+00	
0.64089050	0.83109700	0.48377033	233	564	6	8.7745e-01	
0.77496100	0.77531300	0.50816200	234	570	1	0.0000e+00	
0.75001500	0.58838900	0.53149900	235	571	1	0.0000e+00	
0.74379150	0.72805650	0.52540400	236	572	2	2.0299e+00	
0.73777000	0.90406100	0.51974600	237	574	1	0.0000e+00	
0.74117100	0.67402700	0.57127700	238	575	1	0.0000e+00	
0.71348200	0.91581100	0.60111950	239	576	2	7.0123e+00	
0.72370300	0.51903700	0.60862400	240	577	1	0.0000e+00	
0.74898400	0.78183000	0.60825100	241	578	1	0.0000e+00	
0.74440200	0.83192650	0.62445250	242	580	2	8.6454e+00	
0.75053825	0.73714000	0.65486050	243	581	4	8.4067e-01	
0.74170100	0.60220467	0.68114333	244	585	3	5.2839e-01	
0.73062350	0.52389600	0.69663600	245	589	2	1.7433e+00	
0.72673250	0.88225550	0.70343850	246	591	2	2.0173e+00	
0.72965700	0.98082600	0.71822800	247	593	1	0.0000e+00	
0.76900900	0.59412800	0.73048600	248	594	1	0.0000e+00	
0.72571050	0.61979250	0.76281950	249	595	4	5.8045e-01	
0.55211900	0.89467150	0.74993983	250	596	6	8.9541e-01	
0.72433400	0.78197350	0.76334050	251	605	2	1.9022e+00	
0.73023533	0.76481633	0.81801067	252	607	3	5.2531e-01	
0.72420100	0.52124900	0.84885000	253	610	1	0.0000e+00	
0.72089233	0.96424067	0.84640133	254	611	3	5.6131e-01	
0.71485100	0.66513200	0.86985200	255	614	2	2.5972e+00	
0.73153425	0.57552475	0.88252900	256	619	4	6.0429e-01	
0.73455967	0.70432967	0.89269300	257	622	3	8.6105e-01	
0.73529000	0.84671200	0.90951700	258	626	1	0.0000e+00	
0.72102100	0.96698700	0.92057700	259	627	1	0.0000e+00	
0.71990225	0.79731275	0.94534200	260	628	4	3.9618e-01	
0.97350583	0.79305333	0.94474517	261	629	6	8.0435e-01	
0.73270500	0.54125100	0.95056900	262	632	1	0.0000e+00	
0.72870100	0.69185800	0.95509600	263	633	2	2.3518e+00	
0.72747325	0.90067650	0.95442800	264	641	4	3.8140e-01	
0.72593000	0.79579300	0.98985400	265	646	1	0.0000e+00	
