Radius	Number of Clusters	AveSize
0	2	1.000000	
1	0	0.000000	
2	0	0.000000	
3	0	0.000000	
4	1	4.000000	
5	1	3.000000	
6	1	4.000000	
7	1	3.000000	
8	5	3.800000	
9	27	3.296296	
10	55	3.454545	
11	37	3.837838	
12	6	4.000000	
13	9	5.000000	
14	26	5.000000	
15	15	5.133333	
16	24	5.875000	
17	17	5.941176	
18	17	6.117647	
19	15	6.666667	
20	15	6.933333	
21	13	7.230769	
22	11	7.818182	
23	18	8.166667	
24	14	8.571429	
25	11	8.909091	
26	7	9.857143	
27	17	9.823529	
28	7	10.571429	
29	10	11.100000	
30	10	11.400000	
31	15	9.333333	
32	5	12.800000	
33	10	11.800000	
34	6	13.666667	
35	2	14.000000	
36	7	5.857143	
37	4	8.750000	
38	2	17.000000	
39	1	17.000000	
40	3	18.333333	
41	3	13.333333	
42	1	20.000000	
43	0	0.000000	
44	0	0.000000	
45	0	0.000000	
46	0	0.000000	
47	0	0.000000	
48	0	0.000000	
49	0	0.000000	
50	0	0.000000	
51	0	0.000000	
52	0	0.000000	
53	0	0.000000	
54	0	0.000000	
55	0	0.000000	
56	0	0.000000	
57	0	0.000000	
58	0	0.000000	
59	0	0.000000	
60	0	0.000000	
61	0	0.000000	
62	0	0.000000	
63	0	0.000000	
64	0	0.000000	
65	0	0.000000	
66	0	0.000000	
67	0	0.000000	
68	0	0.000000	
69	0	0.000000	
70	0	0.000000	
71	0	0.000000	
72	0	0.000000	
73	0	0.000000	
74	0	0.000000	
75	0	0.000000	
76	0	0.000000	
77	0	0.000000	
78	0	0.000000	
79	0	0.000000	
80	0	0.000000	
