Radius	Number of Clusters	AveSize
0	0	0.000000	
1	0	0.000000	
2	0	0.000000	
3	0	0.000000	
4	0	0.000000	
5	1	4.000000	
6	1	4.000000	
7	2	4.000000	
8	3	4.000000	
9	17	3.411765	
10	24	3.500000	
11	18	3.833333	
12	3	4.666667	
13	8	5.000000	
14	15	5.000000	
15	12	5.083333	
16	5	5.600000	
17	14	5.928571	
18	10	6.100000	
19	12	6.583333	
20	4	7.000000	
21	8	7.125000	
22	8	7.750000	
23	3	8.000000	
24	7	8.142857	
25	3	8.666667	
26	4	9.500000	
27	3	9.666667	
28	5	10.800000	
29	2	11.000000	
30	4	11.500000	
31	2	12.000000	
32	3	12.333333	
33	1	13.000000	
34	3	13.666667	
35	1	14.000000	
36	0	0.000000	
37	0	0.000000	
38	0	0.000000	
39	0	0.000000	
40	2	2.000000	
41	0	0.000000	
42	0	0.000000	
43	0	0.000000	
44	0	0.000000	
45	0	0.000000	
46	0	0.000000	
47	0	0.000000	
48	0	0.000000	
49	0	0.000000	
50	0	0.000000	
51	0	0.000000	
52	0	0.000000	
53	0	0.000000	
54	0	0.000000	
55	0	0.000000	
56	0	0.000000	
57	0	0.000000	
58	0	0.000000	
59	0	0.000000	
60	0	0.000000	
61	0	0.000000	
62	0	0.000000	
63	0	0.000000	
64	0	0.000000	
65	0	0.000000	
66	0	0.000000	
67	0	0.000000	
68	0	0.000000	
69	0	0.000000	
70	0	0.000000	
71	0	0.000000	
72	0	0.000000	
73	0	0.000000	
74	0	0.000000	
75	0	0.000000	
76	0	0.000000	
77	0	0.000000	
78	0	0.000000	
79	0	0.000000	
80	0	0.000000	
