Radius	Number of Clusters	AveSize
0	0	0.000000	
1	0	0.000000	
2	0	0.000000	
3	0	0.000000	
4	0	0.000000	
5	0	0.000000	
6	0	0.000000	
7	0	0.000000	
8	0	0.000000	
9	7	3.000000	
10	18	3.666667	
11	16	4.000000	
12	3	4.000000	
13	12	5.000000	
14	18	5.000000	
15	1	5.000000	
16	5	6.000000	
17	17	6.000000	
18	13	6.076923	
19	8	7.000000	
20	18	7.000000	
21	3	8.000000	
22	11	8.000000	
23	3	8.333333	
24	3	9.000000	
25	4	9.250000	
26	3	10.000000	
27	4	10.750000	
28	3	10.666667	
29	3	10.666667	
30	3	12.000000	
31	5	10.400000	
32	3	13.000000	
33	0	0.000000	
34	0	0.000000	
35	0	0.000000	
36	0	0.000000	
37	0	0.000000	
38	1	18.000000	
39	1	19.000000	
40	1	18.000000	
41	0	0.000000	
42	0	0.000000	
43	0	0.000000	
44	0	0.000000	
45	0	0.000000	
46	0	0.000000	
47	0	0.000000	
48	1	25.000000	
49	0	0.000000	
50	0	0.000000	
51	0	0.000000	
52	0	0.000000	
53	0	0.000000	
54	0	0.000000	
55	0	0.000000	
56	0	0.000000	
57	0	0.000000	
58	0	0.000000	
59	0	0.000000	
60	0	0.000000	
61	0	0.000000	
62	0	0.000000	
63	0	0.000000	
64	0	0.000000	
65	0	0.000000	
66	0	0.000000	
67	0	0.000000	
68	0	0.000000	
69	0	0.000000	
70	0	0.000000	
71	0	0.000000	
72	0	0.000000	
73	0	0.000000	
74	0	0.000000	
75	0	0.000000	
76	0	0.000000	
77	0	0.000000	
78	0	0.000000	
79	0	0.000000	
80	0	0.000000	
