Radius	Number of Clusters	AveSize
0	2	1.000000	
1	0	0.000000	
2	0	0.000000	
3	0	0.000000	
4	0	0.000000	
5	0	0.000000	
6	0	0.000000	
7	0	0.000000	
8	0	0.000000	
9	7	3.000000	
10	29	3.551724	
11	19	3.947368	
12	3	4.666667	
13	8	5.000000	
14	16	5.000000	
15	5	5.000000	
16	8	5.875000	
17	10	6.000000	
18	12	6.250000	
19	8	6.625000	
20	10	6.900000	
21	6	7.666667	
22	10	8.000000	
23	7	8.142857	
24	3	8.666667	
25	8	9.500000	
26	3	9.666667	
27	2	10.000000	
28	6	10.500000	
29	1	11.000000	
30	1	11.000000	
31	3	12.000000	
32	4	13.250000	
33	1	14.000000	
34	2	2.000000	
35	3	10.666667	
36	0	0.000000	
37	1	17.000000	
38	1	17.000000	
39	0	0.000000	
40	0	0.000000	
41	0	0.000000	
42	0	0.000000	
43	0	0.000000	
44	0	0.000000	
45	0	0.000000	
46	0	0.000000	
47	0	0.000000	
48	0	0.000000	
49	0	0.000000	
50	0	0.000000	
51	0	0.000000	
52	0	0.000000	
53	0	0.000000	
54	0	0.000000	
55	0	0.000000	
56	0	0.000000	
57	0	0.000000	
58	0	0.000000	
59	0	0.000000	
60	0	0.000000	
61	0	0.000000	
62	0	0.000000	
63	0	0.000000	
64	0	0.000000	
65	0	0.000000	
66	0	0.000000	
67	0	0.000000	
68	0	0.000000	
69	0	0.000000	
70	0	0.000000	
71	0	0.000000	
72	0	0.000000	
73	0	0.000000	
74	0	0.000000	
75	0	0.000000	
76	0	0.000000	
77	0	0.000000	
78	0	0.000000	
79	0	0.000000	
80	0	0.000000	
